# genetated time: 2023-04-28 03:06:20.607489
# histogram number: 2048
# sample number: 100
# tune number: 5
###
# op_name    threshold    min    max
input_image 0.9987441 -0.0014471 0.9987441
330_Relu 15.3327790 -0.0000000 72.1355972
333_Relu 15.8300960 -0.0000000 58.8846207
336_Relu 19.4193039 -0.0000000 62.1114273
339_Relu 20.0188313 -0.0000000 40.0181122
342_Relu 30.1346626 -0.0000000 60.2398987
345_Relu 25.1236706 -0.0000000 44.6424942
348_Relu 29.2027014 -0.0000000 59.1216812
351_Relu 18.2178458 -0.0000000 36.8825340
354_Relu 31.3998106 -0.0000000 40.5139694
357_Relu 9.9094140 -0.0000000 21.2726879
360_Relu 32.3173629 -0.0000000 69.3761673
361_MaxPool 33.5521769 -0.0000000 40.5139694
362_Concat 32.3173629 -0.0000000 69.3761673
365_Relu 19.9897099 -0.0000000 31.9679184
368_Relu 13.5405827 -0.0000000 19.6857758
369_Conv 6.8608041 -15.5530386 15.6741810
373_Relu 16.9271736 -0.0000000 27.0702534
374_Conv 38.0902634 -55.3769684 35.9383812
376_Conv 24.4678402 -48.9117851 32.5526009
378_Conv 22.5036640 -71.9765625 39.0407753
381_Relu 33.8529129 0.0000000 60.1535721
384_Relu 13.2476530 -0.0000000 19.2599049
387_Relu 12.1894940 -0.0000000 72.2092133
388_Conv 28.9238567 -42.0505219 26.8740578
391_Relu 32.6451721 0.0000000 47.4607010
394_Relu 10.9902353 -0.0000000 21.9697380
395_Conv 8.6077316 -23.5192490 23.7386684
399_Relu 14.6959793 -0.0000000 36.7309761
400_Conv 39.6102600 -57.5867882 35.4692764
402_Conv 39.5250906 -39.9007874 62.9021301
404_Conv 28.6990128 -36.2837639 38.2466660
407_Relu 27.6165161 0.0000000 44.1648483
410_Relu 11.1375418 -0.0000000 12.7224045
413_Relu 14.4512118 -0.0000000 26.1241055
414_Conv 31.2687969 -38.4658813 30.0054531
417_Relu 26.6669884 0.0000000 38.7694054
420_Relu 14.8803320 -0.0000000 19.8307552
421_Conv 10.5764336 -23.4968090 22.4036674
425_Relu 15.2478657 -0.0000000 28.6944447
426_Conv 20.9704189 -33.1246758 41.9203606
428_Conv 24.0418417 -63.0378494 34.0231400
430_Conv 17.9743762 -30.7413406 30.7445583
433_Relu 27.9657936 0.0000000 55.9042778
436_Relu 10.5551739 -0.0000000 16.8800335
439_Relu 9.0315872 -0.0000000 20.6393070
440_Conv 28.5242825 -41.4696045 23.7823296
443_Relu 22.5254993 0.0000000 45.0289993
446_Relu 8.3554964 -0.0000000 11.1352224
449_Relu 10.4802301 -0.0000000 20.4470367
450_Conv 18.2985916 -38.8096161 48.7724152
453_Relu 24.9494419 0.0000000 66.4993591
456_Relu 9.3804321 -0.0000000 15.0013628
459_Relu 8.2170345 -0.0000000 19.0511608
460_Conv 26.3949623 -52.7641487 39.1147728
463_Relu 31.8691044 0.0000000 56.6285210
464_ReduceMean 7.2716379 0.0000000 7.2716379
465_BatchNormalization 9.0252705 -7.6245270 9.0252705
468_Relu 8.8409367 -0.0000000 8.8409367
469_Add 24.7870808 0.0000000 56.6285210
472_Relu 14.2516623 -0.0000000 28.4894066
473_Conv 38.8536235 -86.0094604 100.2563553
475_Conv 11.6077595 -22.7465496 26.5190659
476_Conv 16.4680833 -28.0323353 47.4557152
480_AveragePool 12.4974403 -15.6645117 22.2068233
481_Conv 10.6251650 -14.1599693 7.1180496
483_Conv 3.9876235 -7.6060791 9.5912876
485_Conv 3.7422030 -3.9897342 1.4130081
514_Resize 10.6251650 -14.1599693 7.1180496
515_Sigmoid 0.9991903 0.0000007 0.9991903
516_Mul 5.7257905 -17.0946026 19.9077587
517_Sigmoid 0.8042400 0.0181684 0.8042400
518_Mul 3.7059391 -3.9712441 4.5589285
547_Resize 4.5589285 -3.9712441 4.5589285
548_Add 7.3217173 -18.0283241 19.5150471
551_Relu 26.7270925 -0.0000000 92.9263000
554_Relu 3.4888680 -0.0000000 7.9706616
555_Conv 17.5137196 -7.8963747 21.5448227
584_Resize 17.6900241 -7.8817773 21.5141144
preds_ArgMax 18.0000000 0.0000000 18.0000000
