# genetated time: 2023-04-07 20:19:34.281188
# histogram number: 2048
# sample number: 10
# tune number: 5
###
# op_name    threshold    min    max
data 1.0000080 0.0000000 1.0000080
conv1/7x7_s2 21.0090416 -0.0000000 22.4092064
pool1/3x3_s2 22.4092064 -0.0000000 22.4092064
pool1/norm1 21.1136608 -0.0000000 22.2243347
conv2/3x3_reduce 23.9574842 -0.0000000 25.9854126
conv2/3x3 31.9423542 -0.0000000 37.1564140
conv2/norm2 32.2362467 -0.0000000 36.3157845
pool2/3x3_s2 33.5978668 -0.0000000 36.3157845
inception_3a/1x1 31.1090145 -0.0000000 31.1090145
inception_3a/3x3_reduce 39.0500155 -0.0000000 41.4957733
inception_3a/3x3 68.3856964 -0.0000000 78.1169205
inception_3a/5x5_reduce 19.6273327 -0.0000000 19.6273327
inception_3a/5x5 28.6195011 -0.0000000 28.6195011
inception_3a/pool 36.3157845 -0.0000000 36.3157845
inception_3a/pool_proj 40.1063843 -0.0000000 40.1063843
inception_3a/output 78.1169205 -0.0000000 78.1169205
inception_3b/1x1 32.7453651 -0.0000000 32.7453651
inception_3b/3x3_reduce 59.9247017 -0.0000000 59.9247017
inception_3b/3x3 28.2939377 -0.0000000 28.2939377
inception_3b/5x5_reduce 41.6439552 -0.0000000 41.6439552
inception_3b/5x5 46.8840904 -0.0000000 46.8840904
inception_3b/pool 78.1169205 -0.0000000 78.1169205
inception_3b/pool_proj 25.7293243 -0.0000000 25.7293243
inception_3b/output 46.8840904 -0.0000000 46.8840904
pool3/3x3_s2 46.8840904 -0.0000000 46.8840904
inception_4a/1x1 22.1228180 -0.0000000 22.1228180
inception_4a/3x3_reduce 37.4326363 -0.0000000 37.4326363
inception_4a/3x3 25.8636894 -0.0000000 25.8636894
inception_4a/5x5_reduce 41.3090973 -0.0000000 41.3090973
inception_4a/5x5 38.2388725 -0.0000000 38.2388725
inception_4a/pool 46.8840904 -0.0000000 46.8840904
inception_4a/pool_proj 17.1799107 -0.0000000 17.1799107
inception_4a/output 38.2388725 -0.0000000 38.2388725
inception_4b/1x1 20.2029991 -0.0000000 20.2029991
inception_4b/3x3_reduce 14.5193065 -0.0000000 17.5968151
inception_4b/3x3 15.1960726 -0.0000000 15.1960726
inception_4b/5x5_reduce 27.1057014 -0.0000000 27.1057014
inception_4b/5x5 29.5376301 -0.0000000 29.5376301
inception_4b/pool 38.2388725 -0.0000000 38.2388725
inception_4b/pool_proj 15.4667110 -0.0000000 15.4667110
inception_4b/output 26.9619249 -0.0000000 29.5376301
inception_4c/1x1 18.4388599 -0.0000000 18.4388599
inception_4c/3x3_reduce 30.6914177 -0.0000000 30.6914177
inception_4c/3x3 26.2400322 -0.0000000 26.2400322
inception_4c/5x5_reduce 11.9442511 -0.0000000 11.9442511
inception_4c/5x5 17.8212643 -0.0000000 17.8212643
inception_4c/pool 29.5376301 -0.0000000 29.5376301
inception_4c/pool_proj 12.4526443 -0.0000000 12.4526443
inception_4c/output 26.2400322 -0.0000000 26.2400322
inception_4d/1x1 18.0279446 -0.0000000 18.0279446
inception_4d/3x3_reduce 22.3476696 -0.0000000 22.3476696
inception_4d/3x3 18.1108150 -0.0000000 18.1108150
inception_4d/5x5_reduce 20.5360050 -0.0000000 20.5360050
inception_4d/5x5 21.2082748 -0.0000000 21.2082748
inception_4d/pool 26.2400322 -0.0000000 26.2400322
inception_4d/pool_proj 21.8688660 -0.0000000 21.8688660
inception_4d/output 21.8688660 -0.0000000 21.8688660
inception_4e/1x1 10.8513937 -0.0000000 10.8513937
inception_4e/3x3_reduce 14.1084356 -0.0000000 14.1084356
inception_4e/3x3 19.9549942 -0.0000000 19.9549942
inception_4e/5x5_reduce 19.3103428 -0.0000000 19.3103428
inception_4e/5x5 25.4096451 -0.0000000 25.4096451
inception_4e/pool 21.8688660 -0.0000000 21.8688660
inception_4e/pool_proj 9.1567936 -0.0000000 9.1567936
inception_4e/output 25.4096451 -0.0000000 25.4096451
pool4/3x3_s2 25.4096451 -0.0000000 25.4096451
inception_5a/1x1 12.9938593 -0.0000000 12.9938593
inception_5a/3x3_reduce 18.7279282 -0.0000000 18.7279282
inception_5a/3x3 19.7105083 -0.0000000 19.7105083
inception_5a/5x5_reduce 43.4714127 -0.0000000 43.4714127
inception_5a/5x5 51.5818558 -0.0000000 51.5818558
inception_5a/pool 25.4096451 -0.0000000 25.4096451
inception_5a/pool_proj 17.7947540 -0.0000000 17.7947540
inception_5a/output 51.5818558 -0.0000000 51.5818558
inception_5b/1x1 9.6808729 -0.0000000 9.6808729
inception_5b/3x3_reduce 18.8497448 -0.0000000 18.8497448
inception_5b/3x3 14.3903675 -0.0000000 14.3903675
inception_5b/5x5_reduce 14.7811146 -0.0000000 14.7811146
inception_5b/5x5 12.8490095 -0.0000000 12.8490095
inception_5b/pool 51.5818558 -0.0000000 51.5818558
inception_5b/pool_proj 11.1513395 -0.0000000 11.1513395
inception_5b/output 14.3903675 -0.0000000 14.3903675
pool5/7x7_s1 6.8738365 0.0000000 6.8738365
loss3/classifier 9.3148108 -4.2374620 9.3148108
prob 0.0587661 0.0000006 0.4698994
