# genetated time: 2023-03-10 18:01:44.911799
# histogram number: 2048
# sample number: 100
# tune number: 5
###
# op_name    threshold    min    max
input.1 2.6399999 -2.1179039 2.6399999
1355_Conv 27.4901381 -31.4635887 38.2414627
764_Mul 31.0723560 -0.2784646 38.2414627
1358_Conv 67.2105865 -119.4271469 92.7651215
768_Mul 40.6045685 -0.2784646 92.7651215
769_Add 70.9789055 -0.5569291 120.7963257
1361_Conv 92.7693634 -211.9407196 139.4214783
773_Mul 62.7566956 -0.2784646 139.4214783
774_Add 74.0832901 -0.8352560 148.0942383
1364_Conv 53.2435646 -94.6090088 71.4224014
778_Mul 40.1947250 -0.2784646 71.4224014
1367_Conv 28.6903000 -39.1048393 41.7109680
1370_Conv 26.5956097 -42.5321960 20.6791553
784_Mul 10.7280063 -0.2784646 20.6791553
1373_Conv 23.9951630 -30.9541836 28.8760452
787_Add 31.0602779 -38.9269600 41.3934822
1376_Conv 16.6168766 -22.1450176 12.6285143
791_Mul 5.9989875 -0.2784646 12.6284733
1379_Conv 23.8765621 -35.5263100 31.5588665
794_Add 37.5272446 -46.1648254 44.8148232
1382_Conv 12.0805998 -17.5632019 12.6923227
798_Mul 4.3635539 -0.2784646 12.6922836
1385_Conv 33.3731308 -88.9515610 78.9217148
801_Add 52.8978004 -93.9946136 89.0299759
1388_Conv 16.8194656 -27.9202614 38.4257202
805_Mul 9.6111231 -0.2784646 38.4257202
1391_Conv 32.8038597 -43.1972580 47.6914101
1394_Conv 14.7783728 -26.2598343 9.0730648
811_Mul 4.3099871 -0.2784646 9.0720243
1397_Conv 24.4130414 -27.0920944 27.4075165
814_Add 49.4309921 -46.2564812 60.8084412
1400_Conv 16.9523697 -24.6459522 10.6763020
818_Mul 3.2033380 -0.2784646 10.6760550
1403_Conv 25.7681704 -30.4239044 28.7456360
821_Add 45.1046333 -53.5374184 60.1101456
1406_Conv 11.5897179 -14.2573032 7.8987327
825_Mul 4.9349724 -0.2784646 7.8958015
1409_Conv 30.4558126 -40.3273087 45.1091118
828_Add 42.1450081 -53.6511040 67.3990860
1412_Conv 12.3431711 -16.4778824 17.9449368
832_Mul 4.8241810 -0.2784646 17.9449368
1415_Conv 38.3983589 -25.6376190 80.8241043
836_Mul 31.3227951 -0.2784646 80.8241043
837_ReduceMean 11.5274210 -0.2443903 11.5274210
838_Conv 7.8571854 -7.8571854 6.3491211
840_Mul 6.3380404 -0.2784643 6.3380404
841_Conv 5.0166640 -2.8576810 5.0166640
842_Sigmoid 0.9934170 0.0542856 0.9934170
843_Mul 12.9660791 -0.2735824 19.2044888
1418_Conv 34.2760696 -34.2760696 31.5711613
1421_Conv 11.1044521 -15.7796860 17.7584496
849_Mul 12.2148981 -0.2784646 17.7584496
1424_Conv 36.6710495 -37.4833794 81.4691086
853_Mul 31.8254875 -0.2784646 81.4691086
854_ReduceMean 9.1487774 -0.2783371 10.1614475
855_Conv 17.6114655 -17.6114655 9.4992752
857_Mul 9.4985638 -0.2784462 9.4985638
858_Conv 7.7287989 -7.7287989 4.0309467
859_Sigmoid 0.9825523 0.0004398 0.9825523
860_Mul 4.2811593 -0.2689148 13.1683445
1427_Conv 17.1862144 -17.1862144 15.0921812
863_Add 31.8518486 -31.8518486 29.5783195
1430_Conv 9.3405113 -13.3109312 13.5795641
867_Mul 9.3404989 -0.2784646 13.5795460
1433_Conv 39.0496475 -29.4868031 97.6002808
871_Mul 33.5521823 -0.2784646 97.6002808
872_ReduceMean 7.1699324 -0.2771856 7.1699324
873_Conv 9.0718422 -6.3111720 9.0718422
875_Mul 9.0708008 -0.2784583 9.0708008
876_Conv 8.4076977 -8.4076977 5.0125904
877_Sigmoid 0.9933903 0.0002231 0.9933903
878_Mul 5.9016832 -0.2711832 12.4223604
1436_Conv 15.0380392 -15.0380392 14.3623829
881_Add 31.0621834 -31.0621834 29.4352036
1439_Conv 8.5554523 -10.5644302 11.4016991
885_Mul 9.2683020 -0.2784646 11.4015713
1442_Conv 27.5339691 -18.4117565 55.0518036
889_Mul 31.8275803 -0.2784646 55.0518036
890_ReduceMean 3.7248327 -0.2766505 22.0654964
891_Conv 14.5039501 -4.2547483 14.5039501
893_Mul 14.5039434 -0.2784567 14.5039434
894_Conv 6.6837602 -13.3609934 4.2889462
895_Sigmoid 0.9864663 0.0000016 0.9864663
896_Mul 3.2184197 -0.2746957 29.4177494
1445_Conv 23.5505288 -68.5015030 57.6458473
899_Add 38.4117958 -74.0315857 58.3063927
1448_Conv 10.6197405 -14.6520100 16.9832878
903_Mul 5.3098702 -0.2784646 16.9832878
1451_Conv 35.9393444 -28.3712826 69.2663956
907_Mul 17.3182907 -0.2784646 69.2663956
908_ReduceMean 5.9095869 -0.2764443 6.3004813
909_Conv 6.1064916 -2.8610082 6.1064916
911_Mul 6.0929141 -0.2784619 6.0929141
912_Conv 6.5494423 -6.5494423 2.9671824
913_Sigmoid 0.9510693 0.0014289 0.9510693
914_Mul 5.1828420 -0.2648389 16.7484055
1454_Conv 23.5586684 -30.3968449 30.3093433
917_Add 47.1330774 -85.1970596 55.5564156
1457_Conv 11.7176370 -17.8731613 33.7664566
921_Mul 4.2228689 -0.2784646 33.7664566
1460_Conv 35.3171456 -46.2989655 56.4974976
925_Mul 30.0151581 -0.2784646 56.4974976
926_ReduceMean 9.0609613 -0.2745214 11.3220530
927_Conv 6.0367894 -3.4897234 6.0367894
929_Mul 6.0224009 -0.2784633 6.0224009
930_Conv 7.1809216 -7.1809216 2.5479300
931_Sigmoid 0.9274343 0.0007604 0.9274343
932_Mul 5.9626308 -0.2516685 17.0325222
1463_Conv 27.7214880 -25.8153572 30.5883007
935_Add 31.9940211 -78.7207870 64.1312866
1466_Conv 10.7771704 -15.9975691 20.5188751
939_Mul 7.6983366 -0.2784646 20.5188751
1469_Conv 22.9519150 -50.1784630 52.4505386
943_Mul 15.7377239 -0.2784646 52.4505386
944_ReduceMean 5.5619807 -0.2717392 5.5619807
945_Conv 8.9918470 -4.8991117 8.9918470
947_Mul 8.9907284 -0.2784645 8.9907284
948_Conv 8.0343437 -8.0343437 2.9915242
949_Sigmoid 0.9521897 0.0003240 0.9521897
950_Mul 4.5712314 -0.2651494 17.0040169
1472_Conv 24.9071083 -44.2576828 30.7655182
1475_Conv 9.2561932 -12.4441586 13.4569798
956_Mul 4.8795452 -0.2784646 13.4569607
1478_Conv 34.1751356 -64.3130341 61.8912659
960_Mul 32.1081728 -0.2784646 61.8912659
961_ReduceMean 5.2191481 -0.2759001 8.7883816
962_Conv 9.8727665 -9.8727665 8.3294344
964_Mul 8.0154008 -0.2784643 8.3274250
965_Conv 7.6165037 -7.6165037 5.4688988
966_Sigmoid 0.9958019 0.0004920 0.9958019
967_Mul 5.8277786 -0.2772949 16.6473103
1481_Conv 20.0086937 -20.0086937 16.2985287
970_Add 26.2439175 -41.9697647 38.2575150
1484_Conv 8.5637350 -14.9753561 17.1191063
974_Mul 4.3876597 -0.2784646 17.1191063
1487_Conv 53.4870110 -34.2800331 81.4945374
978_Mul 31.8354209 -0.2784646 81.4945374
979_ReduceMean 8.4397495 -0.2769008 18.7499104
980_Conv 12.1723547 -6.3223805 12.1723547
982_Mul 12.1722927 -0.2784632 12.1722927
983_Conv 11.9609394 -11.9609394 6.2830114
984_Sigmoid 0.9981357 0.0000064 0.9981357
985_Mul 7.8437342 -0.2775639 22.8150959
1490_Conv 22.2653751 -19.5881538 25.0865383
988_Add 28.1926718 -41.9483185 40.0108223
1493_Conv 9.7137604 -16.3467617 31.0688553
992_Mul 4.8553624 -0.2784646 31.0688553
1496_Conv 49.8925988 -33.0918388 84.9138641
996_Mul 33.1711634 -0.2784646 84.9138641
997_ReduceMean 5.2135670 -0.2764753 7.4114876
998_Conv 13.0382271 -13.0382271 11.2433739
1000_Mul 9.3499478 -0.2784642 11.2432261
1001_Conv 13.4220295 -13.4220295 6.1849861
1002_Sigmoid 0.9979441 0.0000015 0.9979441
1003_Mul 4.1479790 -0.2778869 37.9143257
1499_Conv 27.4510475 -49.9043465 40.3254242
1006_Add 40.9458275 -50.3702545 46.1419296
1502_Conv 9.3349547 -18.2393608 22.9685097
1010_Mul 4.8820706 -0.2784646 22.9685097
1505_Conv 47.3488922 -87.2010498 121.1918488
1014_Mul 30.3009224 -0.2784646 121.1918488
1015_ReduceMean 10.7431602 -0.2769921 10.7431602
1016_Conv 11.1950150 -5.3412066 11.1950150
1018_Mul 11.1948614 -0.2784639 11.1948614
1019_Conv 9.2631569 -9.2631569 4.2461147
1020_Sigmoid 0.9858824 0.0000948 0.9858824
1021_Mul 6.4786759 -0.2745289 59.2179031
1508_Conv 31.2408447 -35.3053703 47.5995598
1024_Add 36.0432327 -60.0524979 51.4302597
1511_Conv 9.7980251 -17.4102058 17.3370991
1028_Mul 4.4435315 -0.2784646 17.3370991
1514_Conv 48.0032835 -30.8209095 161.6828003
1032_Mul 32.8460146 -0.2784646 161.6828003
1033_ReduceMean 5.7851877 -0.2765470 10.2797565
1034_Conv 7.4021401 -4.8124871 7.4021401
1036_Mul 7.3976278 -0.2784643 7.3976278
1037_Conv 8.1152678 -8.1152678 4.7518935
1038_Sigmoid 0.9914386 0.0002989 0.9914386
1039_Mul 5.1035883 -0.2738203 19.9124088
1517_Conv 28.7153873 -19.6378937 28.7153873
1042_Add 40.2087891 -57.9026756 73.0841675
1520_Conv 9.2758027 -15.1074162 26.7298775
1046_Mul 4.5122174 -0.2784646 26.7298775
1523_Conv 38.2593687 -40.0179138 73.7378082
1050_Mul 31.8041582 -0.2784646 73.7378082
1051_ReduceMean 3.2720232 -0.2757554 7.4752588
1052_Conv 7.0728273 -4.8351622 7.0728273
1054_Mul 7.0668359 -0.2784645 7.0668359
1055_Conv 6.7881713 -6.7881713 3.4155633
1056_Sigmoid 0.9681874 0.0011258 0.9681874
1057_Mul 6.0025705 -0.2696058 24.0079365
1526_Conv 22.9194431 -19.4420853 22.9194431
1060_Add 46.0706894 -61.1546402 64.0714035
1529_Conv 10.1348592 -19.4951248 26.5736599
1064_Mul 4.4858467 -0.2784646 26.5736599
1532_Conv 40.8424437 -50.0266190 118.7985535
1068_Mul 29.7025402 -0.2784646 118.7985535
1069_ReduceMean 4.7520583 -0.2747194 7.8365126
1070_Conv 6.3357911 -4.7482233 6.3357911
1072_Mul 6.3245859 -0.2784597 6.3245859
1073_Conv 5.7997856 -5.7997856 3.3564687
1074_Sigmoid 0.9663160 0.0030191 0.9663160
1075_Mul 8.0333012 -0.2690846 18.6262302
1535_Conv 36.5608245 -27.7222042 37.7398491
1078_Add 58.4647827 -77.9149780 72.4386749
1538_Conv 13.6730846 -21.8555527 26.3523254
1082_Mul 5.3535000 -0.2784646 26.3523254
1541_Conv 65.3511345 -65.0665283 149.3677673
1086_Mul 30.3442041 -0.2784646 149.3677673
1087_ReduceMean 6.0094576 -0.2762168 6.0094576
1088_Conv 6.6074071 -1.8821480 6.6074071
1090_Mul 6.5984974 -0.2783882 6.5984974
1091_Conv 6.1419063 -6.1419063 2.4801517
1092_Sigmoid 0.9227386 0.0021462 0.9227386
1093_Mul 9.3902893 -0.2548729 21.4626198
1544_Conv 35.6689606 -28.2597389 35.6689606
1096_Add 56.8656998 -82.6733551 82.6400909
1547_Conv 7.4898830 -11.8264570 19.6385174
1100_Mul 3.3151391 -0.2784646 19.6385174
1550_Conv 16.7572213 -20.0474873 35.9729767
1104_Mul 16.8679342 -0.2784646 35.9729767
1105_ReduceMean 8.6269312 -0.2646043 8.6269312
1106_Conv 5.4352131 -5.4352131 0.6859156
1108_Mul 0.4561734 -0.2783976 0.4561734
1109_Conv 2.4834228 -1.4769735 2.6840372
1110_Sigmoid 0.9360781 0.1858850 0.9360781
1111_Mul 11.0960622 -0.2541968 17.0663757
1553_Conv 20.1579519 -28.0340557 23.5490570
1556_Conv 8.2394783 -11.0206976 13.5853500
1117_Mul 4.9260931 -0.2784646 13.5853319
1559_Conv 26.7067147 -29.1569290 46.4296951
1121_Mul 31.1954476 -0.2784646 46.4296951
1122_ReduceMean 12.2660975 -0.2772886 13.0808554
1123_Conv 12.2270775 -4.4516392 12.2270775
1125_Mul 12.2270174 -0.2784645 12.2270174
1126_Conv 8.5628433 -8.5628433 6.2008290
1127_Sigmoid 0.9979764 0.0001910 0.9979764
1128_Mul 4.6258855 -0.2764206 17.2073193
1562_Conv 9.1625929 -7.7714176 9.1625929
1131_Add 20.4134197 -27.2046032 25.6247311
1565_Conv 11.5491340 -11.5750866 19.0454178
1135_Mul 6.9059411 -0.2784646 19.0454178
1568_Conv 64.2941137 -59.4568596 101.3437424
1139_Mul 30.0887442 -0.2784646 101.3437424
1140_ReduceMean 5.9709016 -0.2773769 12.5680571
1141_Conv 15.7032957 -5.4199910 15.7032957
1143_Mul 12.9120663 -0.2784643 15.7032938
1144_Conv 7.5812130 -7.5812130 6.1450915
1145_Sigmoid 0.9978606 0.0005097 0.9978606
1146_Mul 5.7309404 -0.2760092 52.3832779
1571_Conv 16.1267471 -15.8122072 16.1267471
1149_Add 20.2434559 -29.4306488 27.3186932
1574_Conv 13.3843091 -10.7888002 19.4654922
1153_Mul 4.9890428 -0.2784646 19.4654922
1577_Conv 41.9296982 -24.4601517 71.3585739
1157_Mul 31.2206833 -0.2784646 71.3585739
1158_ReduceMean 12.0402629 -0.2762929 14.0056362
1159_Conv 14.4726896 -6.4752283 14.4726896
1161_Mul 12.7599294 -0.2784646 14.4726830
1162_Conv 9.3372421 -9.3372421 5.5895801
1163_Sigmoid 0.9962773 0.0000881 0.9962773
1164_Mul 6.1610594 -0.2769750 24.6418304
1580_Conv 9.8117647 -9.7125254 9.8117647
1167_Add 21.6536541 -31.4808445 29.4717865
1583_Conv 9.0304670 -12.0347433 11.9895067
1171_Mul 5.6954197 -0.2784646 11.9894323
1586_Conv 51.4055306 -40.3125877 82.6510010
1175_Mul 32.0307957 -0.2784646 82.6510010
1176_ReduceMean 7.5139385 -0.2758759 15.0234737
1177_Conv 13.9056988 -5.7854471 13.9056988
1179_Mul 12.1734190 -0.2784644 13.9056854
1180_Conv 10.2665129 -10.2665129 4.5885892
1181_Sigmoid 0.9899351 0.0000348 0.9899351
1182_Mul 7.1925185 -0.2756597 28.7672634
1589_Conv 17.3485851 -13.1352415 17.3485851
1185_Add 32.9416313 -32.9416313 31.8750324
1592_Conv 8.4603653 -11.2749786 8.1316347
1189_Mul 4.3197777 -0.2784646 8.1292439
1595_Conv 39.8431570 -30.8915157 72.0199051
1193_Mul 31.5100280 -0.2784646 72.0199051
1194_ReduceMean 12.6055846 -0.2759764 21.2288208
1195_Conv 19.0340672 -6.5727601 19.0340672
1197_Mul 19.0340672 -0.2784645 19.0340672
1198_Conv 9.2457657 -9.2457657 8.3377333
1199_Sigmoid 0.9997607 0.0000965 0.9997607
1200_Mul 11.6573059 -0.2779392 46.6246681
1598_Conv 14.9092474 -14.9092474 14.5938416
1203_Add 37.9714661 -40.4831238 35.8056717
1601_Conv 9.4508915 -13.7400389 12.7742825
1207_Mul 4.3917322 -0.2784646 12.7742462
1604_Conv 51.5368790 -33.7488022 253.6876068
1211_Mul 27.7544405 -0.2784646 253.6876068
1212_ReduceMean 9.6898414 -0.2749378 32.2942123
1213_Conv 17.0733719 -6.1835451 17.0733719
1215_Mul 12.5944267 -0.2784644 17.0733719
1216_Conv 9.5037594 -9.5037594 7.0219116
1217_Sigmoid 0.9991086 0.0000746 0.9991086
1218_Mul 14.1774187 -0.2782159 226.7279358
1607_Conv 19.9857538 -69.4876251 45.7908478
1221_Add 35.2304077 -80.4873276 65.6400909
1610_Conv 13.4723549 -21.5452423 16.7661362
1225_Mul 4.9778306 -0.2784646 16.7661362
1613_Conv 39.2628904 -64.0298538 358.8798218
1229_Mul 22.4409466 -0.2784646 358.8798218
1230_ReduceMean 8.7988285 -0.2732243 43.3117752
1231_Conv 21.8386230 -16.2352180 21.8386230
1233_Mul 21.8386230 -0.2784644 21.8386230
1234_Conv 16.2190418 -16.2190418 11.2581854
1235_Sigmoid 0.9999871 0.0000001 0.9999871
1236_Mul 11.7131224 -0.2782049 187.3184509
1616_Conv 30.0399361 -274.5780334 104.2237244
1239_Add 22.2024269 -355.0653687 141.3702240
1619_Conv 23.4495945 -53.5728989 34.0388336
1243_Mul 3.7239848 -0.2784646 34.0388336
1622_Conv 32.4033474 -94.5381088 296.1806335
1247_Mul 32.4033474 -0.2784646 296.1806335
1248_ReduceMean 7.4938164 -0.2745228 44.3925400
1249_Conv 39.3062897 -18.0045547 39.3062897
1251_Mul 11.3051190 -0.2784644 39.3062897
1252_Conv 35.4035835 -35.4035835 15.5901823
1253_Sigmoid 0.9999999 0.0000000 0.9999999
1254_Mul 12.4010239 -0.2784473 198.3195038
1625_Conv 22.4397854 -105.5716858 85.4890976
1257_Add 25.9158554 -414.4512329 149.8053436
1628_Conv 24.5475979 -49.0712242 38.6555786
1261_Mul 4.2290750 -0.2784646 38.6555786
1631_Conv 33.6548758 -221.2875061 307.6201477
1265_Mul 33.6548758 -0.2784646 307.6201477
1266_ReduceMean 7.3067852 -0.2769988 43.2845879
1267_Conv 21.1473446 -13.4121675 21.1473446
1269_Mul 21.1473446 -0.2784645 21.1473446
1270_Conv 23.4938507 -23.4938507 8.1254530
1271_Sigmoid 0.9997042 0.0000000 0.9997042
1272_Mul 7.7792268 -0.2782639 124.4068527
1634_Conv 24.2861621 -78.5880280 84.4395294
1275_Add 63.1645050 -336.7128601 166.5127563
1637_Conv 22.3764114 -51.1211090 23.0483665
1279_Mul 3.8907489 -0.2784646 23.0483665
1640_Conv 49.5450319 -169.8515625 243.8828430
1283_Mul 26.6817600 -0.2784646 243.8828430
1284_ReduceMean 13.7587571 -0.2740406 35.2162247
1285_Conv 30.1268883 -17.8326454 30.1268883
1287_Mul 15.4424217 -0.2784627 30.1268883
1288_Conv 23.3546143 -23.3546143 11.5054207
1289_Sigmoid 0.9999899 0.0000000 0.9999899
1290_Mul 32.4167496 -0.2783976 159.5697632
1643_Conv 43.7313499 -174.8399811 96.7109833
1293_Add 85.8034286 -343.0461426 172.0304413
1646_Conv 23.8854427 -47.7475586 41.7411156
1297_Mul 4.5666452 -0.2784646 41.7411156
1649_Conv 44.8351625 -120.9580841 196.4627533
1301_Mul 30.7027040 -0.2784646 196.4627533
1302_ReduceMean 11.9300009 -0.2765664 46.5466728
1303_Conv 47.5382500 -20.9574471 47.5382500
1305_Mul 41.3120621 -0.2784624 47.5382500
1306_Conv 36.8189583 -35.7550507 36.8189583
1307_Sigmoid 1.0000000 0.0000000 1.0000000
1308_Mul 16.3841862 -0.2784644 65.5303421
1652_Conv 51.2975330 -102.9823685 141.4699249
1311_Add 121.2519379 -323.1806335 190.9434204
1655_Conv 23.0753174 -41.0027542 34.3574142
1315_Mul 5.3692901 -0.2784646 34.3574142
1658_Conv 54.5604029 -85.6672668 176.3124847
1319_Mul 35.8180494 -0.2784646 176.3124847
1320_ReduceMean 13.4937333 -0.2761914 26.0066586
1321_Conv 25.7954311 -11.8424511 25.7954311
1323_Mul 20.3219365 -0.2784645 25.7954311
1324_Conv 17.2731075 -17.2731075 16.3314896
1325_Sigmoid 0.9999999 0.0000000 0.9999999
1326_Mul 9.6973633 -0.2784437 38.7856636
1661_Conv 65.0594893 -73.9610672 166.5230103
1329_Add 126.0977478 -336.0964661 328.2851562
1664_Conv 24.2822037 -55.4750786 39.5312958
1333_Mul 4.3248820 -0.2784646 39.5312958
1667_Conv 70.1958710 -79.4497604 92.4325027
1337_Mul 57.7714432 -0.2784646 92.4325027
1338_ReduceMean 14.2237674 -0.2763627 25.8579502
1339_Conv 10.8750629 -7.1407690 10.8750629
1341_Mul 10.7393861 -0.2784646 10.8748569
1342_Conv 17.2718754 -17.2718754 11.2632055
1343_Sigmoid 0.9999871 0.0000000 0.9999871
1344_Mul 6.8123845 -0.2781761 27.2468758
1670_Conv 77.9856491 -40.9982071 77.9856491
1347_Add 139.9826126 -319.8397217 318.8856506
1673_Conv 37.1772079 -84.9349823 35.4346008
1351_Mul 8.8595158 -0.2784646 35.4346008
1352_GlobalAveragePool 2.5252776 -0.2571924 3.3653927
1353_Flatten 2.5252776 -0.2571924 3.3653927
1354_Gemm 9.7029400 -2.8344893 9.7029400
