# genetated time: 2023-05-10 14:23:00.667499
# histogram number: 2048
# sample number: 10
# tune number: 5
###
# op_name    threshold    min    max
batch.1 1.0000080 0.0000000 1.0000080
49 3.8350679 -0.0000000 4.6128531
input.15 3.6622268 -0.0000000 4.6128531
73 2.4971046 -0.0000000 2.9482758
out.3 3.4192252 -6.0756545 4.2034535
86 4.2489526 0.0000000 6.1794715
103 2.9623777 -0.0000000 5.0417686
out.5 4.2738207 -7.4300489 5.7480068
445 5.3981611 0.0000000 7.1072750
137 1.8677945 -0.0000000 2.7664523
offset_mask.3 2.8641243 -3.2263165 2.3925383
146 2.6528455 -3.2263165 2.3925383
150 2.2580883 -3.0609276 1.1698651
mask.3 0.7631206 0.0447480 0.7631206
input.36 0.7311721 -0.9297630 1.0630038
out.7 2.6260421 -2.9672313 3.4996798
residual.2 1.8288235 -1.8560588 2.1277113
178 2.6312473 0.0000000 4.3839846
196 2.7511392 -0.0000000 4.3358216
offset_mask.5 4.9481978 -4.9481978 4.8785973
205 4.9481978 -4.9481978 4.8785973
209 4.5843272 -4.5843272 1.4275106
mask.5 0.8065132 0.0101074 0.8065132
input.46 0.7250146 -0.9662142 0.8461765
out.9 3.3810344 -4.9154668 4.6371083
444 4.6480923 0.0000000 6.1944304
245 2.2642400 -0.0000000 2.2642400
offset_mask.7 8.2495956 -8.2495956 8.1277294
254 8.2495956 -8.2495956 8.1277294
258 3.5496969 -3.5496969 1.2136046
mask.7 0.7709361 0.0279308 0.7709361
input.54 0.4085149 -0.8166310 0.4342586
out.11 2.9136000 -3.1063225 2.7418127
residual.4 1.2483484 -1.2483484 1.2367363
286 2.4708583 0.0000000 3.5922210
304 1.7634292 -0.0000000 2.5637355
offset_mask.9 7.8811369 -5.4194531 9.0026150
313 7.3181982 -5.4194531 9.0026150
317 4.0507946 -4.0507946 0.4893480
mask.9 0.6199529 0.0171107 0.6199529
input.64 0.3455217 -0.4604706 0.3641260
out.13 2.8044174 -4.3988438 4.4848766
443 3.3653007 0.0000000 4.4848766
353 1.6702758 -0.0000000 1.6702758
offset_mask.2 7.1710625 -7.1710625 6.5134759
362 7.1710625 -7.1710625 6.5134759
366 2.8746047 -2.8746047 0.9109197
mask.2 0.7131883 0.0534233 0.7131883
input.25 0.3488143 -0.3488143 0.3227794
out.2 1.6326675 -2.6109924 1.5229079
residual.1 1.0503346 -1.0982174 0.8502002
394 1.8587337 0.0000000 1.8587337
412 1.4974625 -0.0000000 1.7111230
offset_mask.1 3.2941477 -3.2941477 2.8636124
421 3.2941477 -3.2941477 2.8636124
425 2.6476753 -2.6476753 0.6639550
mask.1 0.6601483 0.0661324 0.6601483
input.27 0.2441696 -0.2275139 0.2441696
out.1 4.0006914 -5.7056127 5.8163457
442 6.0341439 0.0000000 6.0341439
input.10 2.4148867 -2.4148867 2.3279700
in4.1 2.1699488 -1.9745296 2.3134820
in3.1 2.0856729 -2.0856729 2.0116160
in2.1 2.4518805 -3.7708485 3.2496512
483 2.4148867 -2.4148867 2.3279700
input.2 2.6777153 -3.2940404 3.0476515
486 2.6777153 -3.2940404 3.0476515
input0.2 3.6729782 -3.6729782 3.5856104
489 3.6729782 -3.6729782 3.5856104
input1.1 3.8144193 -4.1787839 5.0834088
input.12 4.0981216 -4.0981216 3.4193046
p5.1 4.0981216 -4.0981216 3.4193046
input0.4 3.2343845 -3.2343845 2.8398328
p4.1 3.2343845 -3.2343845 2.8398328
input0.6 12.5998392 -12.1282206 13.4332666
p3.1 12.5998392 -12.1282206 13.4332666
p2.1 5.0405121 -4.8729701 5.0405121
input2.1 10.0798721 -12.1282206 13.4332666
