# genetated time: 2023-05-11 23:31:43.833936
# histogram number: 2048
# sample number: 300
# tune number: 5
###
# op_name    threshold    min    max
batch.1 1.0000080 0.0000000 1.0000080
49 3.4757318 -0.0000000 6.1776705
input.16 3.4757318 -0.0000000 6.1776705
77 1.4534664 -0.0000000 2.6416101
89 2.0075022 -0.0000000 2.6875229
out.3 2.1649623 -3.8589549 4.9474492
residual.2 2.1221138 -6.5273733 4.8214006
115 2.8660036 0.0000000 4.7262621
134 2.3144397 -0.0000000 3.3660092
146 3.2983863 -0.0000000 4.4156809
out.5 5.3216987 -3.0877547 8.1869211
159 5.0919290 0.0000000 8.1869211
178 2.1640969 -0.0000000 3.1473579
190 3.0296408 -0.0000000 4.0391264
out.7 5.5128980 -3.7912281 6.5824208
1043 5.6157582 0.0000000 8.1306057
228 1.7372906 -0.0000000 4.4466820
offset_mask.3 0.7456104 -0.7154273 0.8769618
237 0.7747095 -0.7154273 0.7747095
241 0.7454818 -0.3222440 0.8769618
mask.3 0.7061923 0.4201290 0.7061923
input.62 0.6342244 -1.0758210 1.1269594
255 1.8920273 -0.0000000 4.2033644
out.9 2.6934365 -3.9873056 5.1918306
residual.4 2.6674123 -3.2648885 4.2674427
281 3.1726201 0.0000000 5.6374593
301 1.3582813 -0.0000000 2.4686158
offset_mask.5 4.7364161 -4.7549133 4.9675646
310 4.7826458 -4.7549133 4.9675646
314 2.0641015 -0.7899749 2.7057834
mask.5 0.9373670 0.3121741 0.9373670
input.76 1.8550948 -2.4722519 2.0512555
328 1.4994949 -0.0000000 2.1800184
out.11 2.5440607 -3.2821934 2.7667325
341 2.6577220 0.0000000 5.6679239
361 1.8551350 -0.0000000 2.6970606
offset_mask.7 3.8671174 -4.6145415 4.7572050
370 3.9116218 -4.6145415 4.7572050
374 1.4356116 -1.4125180 1.4356116
mask.7 0.8077742 0.1958372 0.8077742
input.88 0.8710073 -1.2084584 1.5477014
388 1.5601571 -0.0000000 2.2682111
out.13 2.2375085 -2.2375085 1.7184411
401 2.8580244 0.0000000 5.7132578
421 1.7212934 -0.0000000 2.5024769
offset_mask.9 3.7541864 -4.2884040 3.6238940
430 3.7541864 -4.2884040 3.6238940
434 1.8003972 -2.2147915 1.1740806
mask.9 0.7638818 0.0984301 0.7638818
input.100 0.5918863 -0.8605052 0.7487867
448 1.6098838 -0.0000000 2.5745564
out.15 2.3043871 -2.8315151 2.9729810
1042 2.8596569 0.0000000 6.1388683
488 1.5037799 -0.0000000 3.4355328
offset_mask.11 0.9189047 -0.7929788 0.9189047
497 0.9189047 -0.7929788 0.9189047
501 0.4354916 -0.3317420 0.4582354
mask.11 0.6125955 0.4178168 0.6125955
input.112 0.5338382 -1.4228735 0.9852539
515 1.3429418 -0.0000000 3.5794296
out.17 1.2078450 -2.8027620 3.3310323
residual.6 1.1838836 -1.9523159 1.9410670
541 1.6401094 0.0000000 3.7469909
561 1.4073117 -0.0000000 2.0459993
offset_mask.13 8.4586639 -8.4906368 9.0181694
570 8.4586639 -8.4906368 9.0181694
574 1.6895751 -1.1769710 1.6895751
mask.13 0.8336935 0.2355973 0.8441682
input.126 0.8005177 -1.1638209 0.7315580
588 1.2250997 -0.0000000 1.7810931
out.19 1.3761238 -1.7611288 1.4891781
601 1.6591556 0.0000000 3.7905040
621 1.4941062 -0.0000000 2.9867532
offset_mask.6 4.9146285 -5.2397108 4.9021869
630 4.2593446 -5.2397108 4.9021869
634 2.1097989 -2.1097989 1.1668856
mask.6 0.7625816 0.1081481 0.7625816
input.33 0.6230416 -0.8303166 0.6152031
648 1.1037639 -0.0000000 1.7651600
out.6 1.3559761 -1.9367033 1.9163674
661 1.6359488 0.0000000 3.7374856
681 1.7130252 -0.0000000 3.4243774
offset_mask.8 7.1565638 -7.7823434 8.1749363
690 7.1565638 -7.7823434 8.1749363
694 2.1923242 -2.1923242 1.3245683
mask.8 0.7899407 0.1004419 0.7899407
input.45 0.5394419 -0.7735009 0.7842596
708 1.1855029 -0.0000000 2.1065316
out.8 1.3153461 -1.8297747 1.2355406
721 1.4367088 0.0000000 3.8293529
741 1.7916915 -0.0000000 3.5816333
offset_mask.10 11.0552368 -12.6283875 11.4698582
750 11.0552368 -12.6283875 11.4698582
754 2.3190444 -2.3190444 1.8247112
mask.10 0.8424313 0.0895580 0.8611305
input.57 0.6505639 -1.0403939 0.8659292
768 1.0280122 -0.0000000 2.3485949
out.10 1.2588078 -1.9838932 1.3210572
781 1.4378633 0.0000000 3.8324301
801 1.5479937 -0.0000000 2.7506449
offset_mask.15 8.0853434 -9.6793699 10.4282637
810 7.8250189 -9.6793699 10.4282637
814 3.1617703 -3.1617703 0.9751091
mask.15 0.7261366 0.0406300 0.7261366
input.138 0.3725384 -0.5416095 0.4225001
828 1.3390018 -0.0000000 2.3792853
out.21 1.3210170 -3.0179932 2.4325042
1041 1.5858729 0.0000000 3.9020154
865 0.7308384 -0.0000000 1.9162625
offset_mask.2 0.8219706 -1.0111622 0.7065223
874 0.7256181 -0.7256181 0.7065223
878 1.0111622 -1.0111622 0.0508456
mask.2 0.5127087 0.2667525 0.5127087
input.9 0.3689302 -0.3408626 0.4214286
892 0.9277263 -0.0000000 1.8545465
out.2 1.4558599 -2.5869315 2.3875225
residual.1 1.1432027 -1.9874610 1.7686560
918 1.5613328 0.0000000 2.7743473
938 1.7136997 -0.0000000 2.9792714
offset_mask.4 7.8829236 -8.3302574 8.8783188
947 7.7723241 -8.3302574 8.8783188
951 2.0614498 -2.0614498 1.5960846
mask.4 0.7798843 0.1129005 0.8314704
input.21 0.6212791 -0.7642778 0.5568420
965 0.7032484 -0.0000000 1.5096738
out.4 1.2896055 -2.0324306 1.7855030
978 1.4494280 0.0000000 2.6342707
998 1.5374860 -0.0000000 2.3647411
offset_mask.1 3.1731366 -3.1709201 3.9649682
1007 3.7189736 -3.1709201 3.9649682
1011 1.2912790 -1.2912790 0.6808673
mask.1 0.6639323 0.2156364 0.6639323
input.75 0.2911189 -0.5072839 0.5819535
1025 0.7015104 -0.0000000 1.1566588
out.1 1.1869839 -2.7120841 1.8962964
1040 1.4524411 0.0000000 3.1179767
input.10 1.0318558 -1.6501633 1.5220606
in4.1 0.9452934 -1.5117309 1.2666022
in3.1 1.0808165 -0.9553856 1.1049726
in2.1 1.1781968 -1.6751938 1.6978309
1081 1.0318558 -1.6501633 1.5220606
input.2 1.3223050 -2.1146548 1.7451968
1084 1.3223050 -2.1146548 1.7451968
input0.2 1.3914608 -2.0229547 1.8878717
1087 1.3914608 -2.0229547 1.8878717
input1.1 1.6596016 -2.4127872 2.1593118
input.12 1.6660737 -1.8573823 1.9031545
p5.1 1.9031545 -1.8573823 1.9031545
input0.4 2.9772332 -3.1741648 2.8957942
p4.1 3.1741648 -3.1741648 2.8957942
input0.6 4.6446404 -5.7136893 5.3164067
p3.1 4.6446404 -5.7136893 5.3164067
p2.1 2.8369539 -2.8369539 2.8197083
input2.1 4.1084413 -5.7136893 5.3164067
1146 2.3948700 -0.0000000 2.7356579
input.6 0.7018049 -1.0203087 0.9231881
1159 9.1829037 -0.0000000 12.7721443
input.1 20.9729347 -25.8002396 18.2195797
1167 0.0625305 0.0000000 1.0000000
